PS C:\Users\Jibesh\Downloads\bts\Slicing\DSABM> g++ -o temp.exe .\temp.cpp
PS C:\Users\Jibesh\Downloads\bts\Slicing\DSABM> .\temp.exe
Enter the number of vertices: 33
Enter the 33 vertices:
S0 R1 A1 R2 A2 R3 R4 A3 P1 A4 R5 A5 A6 R6 A7 R7 A8 R8 A9 R9 A10 P2 J1 R10 A11 P3 R11 A12 A13 R12 A14 P4 A15
Enter the number of edges: 39
Enter edges as tail <space> head <space> edge_type:
S0 R1 1
R1 A1 1
A1 R6 2
R2 A2 6
A2 R3 1
R3 R4 1
R4 A3 6
A3 P1 3
P1 A4 4
R5 A5 6
R3 A6 1
S0 R6 1
R6 A7 1
R6 R7 1
R7 A8 1
S0 R8 1
R8 A9 1
A9 R7 2
A8 R9 5
A7 R2 5
R8 J1 1
R9 A10 6
A10 P2 3
P2 J1 4
J1 R10 1
R10 R8 1
A2 R10 5
R10 A11 6
A11 P3 3
P3 R11 4
R11 A12 1
A12 R3 2
A13 R4 5
A4 R12 5
R11 A13 6
R12 A14 6
A14 P4 3
P4 A15 4
A15 R5 5
0:S0, 1:R1, 2:R2, 3:R3, 4:R4, 5:R5, 6:R6, 7:R7, 8:R8, 9:R9, 10:R10, 11:R11, 12:R12, 13:A1, 14:A2, 15:A3, 16:A4, 17:A5, 18:A6, 19:A7, 20:A8, 21:A9, 22:A10, 23:A11, 24:A12, 25:A13, 26:A14, 27:A15, 28:P1, 29:P2, 30:P3, 31:P4, 32:J1
      S0   R1   R2   R3   R4   R5   R6   R7   R8   R9  R10  R11  R12   A1   A2   A3   A4   A5   A6   A7   A8   A9  A10  A11  A12  A13  A14  A15   P1   P2   P3   P4   J1
  S0   0    1    0    0    0    0    1    0    1    0    0    0    0    0    0    0    0    0    0    0    0    0    0    0    0    0    0    0    0    0    0    0    0
  R1   0    0    0    0    0    0    0    0    0    0    0    0    0    1    0    0    0    0    0    0    0    0    0    0    0    0    0    0    0    0    0    0    0
  R2   0    0    0    0    0    0    0    0    0    0    0    0    0    0    6    0    0    0    0    0    0    0    0    0    0    0    0    0    0    0    0    0    0
  R3   0    0    0    0    1    0    0    0    0    0    0    0    0    0    0    0    0    0    1    0    0    0    0    0    0    0    0    0    0    0    0    0    0
  R4   0    0    0    0    0    0    0    0    0    0    0    0    0    0    0    6    0    0    0    0    0    0    0    0    0    0    0    0    0    0    0    0    0
  R5   0    0    0    0    0    0    0    0    0    0    0    0    0    0    0    0    0    6    0    0    0    0    0    0    0    0    0    0    0    0    0    0    0
  R6   0    0    0    0    0    0    0    1    0    0    0    0    0    0    0    0    0    0    0    1    0    0    0    0    0    0    0    0    0    0    0    0    0
  R7   0    0    0    0    0    0    0    0    0    0    0    0    0    0    0    0    0    0    0    0    1    0    0    0    0    0    0    0    0    0    0    0    0
  R8   0    0    0    0    0    0    0    0    0    0    0    0    0    0    0    0    0    0    0    0    0    1    0    0    0    0    0    0    0    0    0    0    1
  R9   0    0    0    0    0    0    0    0    0    0    0    0    0    0    0    0    0    0    0    0    0    0    6    0    0    0    0    0    0    0    0    0    0
 R10   0    0    0    0    0    0    0    0    1    0    0    0    0    0    0    0    0    0    0    0    0    0    0    6    0    0    0    0    0    0    0    0    0
 R11   0    0    0    0    0    0    0    0    0    0    0    0    0    0    0    0    0    0    0    0    0    0    0    0    1    6    0    0    0    0    0    0    0
 R12   0    0    0    0    0    0    0    0    0    0    0    0    0    0    0    0    0    0    0    0    0    0    0    0    0    0    6    0    0    0    0    0    0
  A1   0    0    0    0    0    0    2    0    0    0    0    0    0    0    0    0    0    0    0    0    0    0    0    0    0    0    0    0    0    0    0    0    0
  A2   0    0    0    1    0    0    0    0    0    0    5    0    0    0    0    0    0    0    0    0    0    0    0    0    0    0    0    0    0    0    0    0    0
  A3   0    0    0    0    0    0    0    0    0    0    0    0    0    0    0    0    0    0    0    0    0    0    0    0    0    0    0    0    3    0    0    0    0
  A4   0    0    0    0    0    0    0    0    0    0    0    0    5    0    0    0    0    0    0    0    0    0    0    0    0    0    0    0    0    0    0    0    0
  A5   0    0    0    0    0    0    0    0    0    0    0    0    0    0    0    0    0    0    0    0    0    0    0    0    0    0    0    0    0    0    0    0    0
  A6   0    0    0    0    0    0    0    0    0    0    0    0    0    0    0    0    0    0    0    0    0    0    0    0    0    0    0    0    0    0    0    0    0
  A7   0    0    5    0    0    0    0    0    0    0    0    0    0    0    0    0    0    0    0    0    0    0    0    0    0    0    0    0    0    0    0    0    0
  A8   0    0    0    0    0    0    0    0    0    5    0    0    0    0    0    0    0    0    0    0    0    0    0    0    0    0    0    0    0    0    0    0    0
  A9   0    0    0    0    0    0    0    2    0    0    0    0    0    0    0    0    0    0    0    0    0    0    0    0    0    0    0    0    0    0    0    0    0
 A10   0    0    0    0    0    0    0    0    0    0    0    0    0    0    0    0    0    0    0    0    0    0    0    0    0    0    0    0    0    3    0    0    0
 A11   0    0    0    0    0    0    0    0    0    0    0    0    0    0    0    0    0    0    0    0    0    0    0    0    0    0    0    0    0    0    3    0    0
 A12   0    0    0    2    0    0    0    0    0    0    0    0    0    0    0    0    0    0    0    0    0    0    0    0    0    0    0    0    0    0    0    0    0
 A13   0    0    0    0    5    0    0    0    0    0    0    0    0    0    0    0    0    0    0    0    0    0    0    0    0    0    0    0    0    0    0    0    0
 A14   0    0    0    0    0    0    0    0    0    0    0    0    0    0    0    0    0    0    0    0    0    0    0    0    0    0    0    0    0    0    0    3    0
 A15   0    0    0    0    0    5    0    0    0    0    0    0    0    0    0    0    0    0    0    0    0    0    0    0    0    0    0    0    0    0    0    0    0
  P1   0    0    0    0    0    0    0    0    0    0    0    0    0    0    0    0    4    0    0    0    0    0    0    0    0    0    0    0    0    0    0    0    0
  P2   0    0    0    0    0    0    0    0    0    0    0    0    0    0    0    0    0    0    0    0    0    0    0    0    0    0    0    0    0    0    0    0    4
  P3   0    0    0    0    0    0    0    0    0    0    0    4    0    0    0    0    0    0    0    0    0    0    0    0    0    0    0    0    0    0    0    0    0
  P4   0    0    0    0    0    0    0    0    0    0    0    0    0    0    0    0    0    0    0    0    0    0    0    0    0    0    0    4    0    0    0    0    0
  J1   0    0    0    0    0    0    0    0    0    0    1    0    0    0    0    0    0    0    0    0    0    0    0    0    0    0    0    0    0    0    0    0    0
Enter the slice criterion (node): R11
R6 A11 P3 A7 R2 R10 A2 J1