PS C:\Users\Jibesh\Downloads\bts\Slicing\DSABM> g++ -o dsabm_dg_3.exe .\dsabm_dg_3.cpp
PS C:\Users\Jibesh\Downloads\bts\Slicing\DSABM> .\dsabm_dg_3.exe
Updated r, a and p
Sorted Vertices
Vertices of the ABDG are: 
0:S0, 1:R1, 2:R2, 3:R3, 4:R4, 5:R5, 6:R6, 7:R7, 8:R8, 9:R9, 10:R10, 11:R11, 12:R12, 13:A1, 14:A2, 15:A3, 16:A4, 17:A5, 18:A6, 19:A7, 20:A8, 21:A9, 22:A10, 23:A11, 24:A12, 25:A13, 26:A14, 27:A15, 28:P1, 29:P2, 30:P3, 31:P4, 32:J1

Dependency Matrix for the ABDG: 
      S0   R1   R2   R3   R4   R5   R6   R7   R8   R9  R10  R11  R12   A1   A2   A3   A4   A5   A6   A7   A8   A9  A10  A11  A12  A13  A14  A15   P1   P2   P3   P4   J1 
  S0   0    1    0    0    0    0    1    0    1    0    0    0    0    0    0    0    0    0    0    0    0    0    0    0    0    0    0    0    0    0    0    0    0  
  R1   0    0    0    0    0    0    0    0    0    0    0    0    0    1    0    0    0    0    0    0    0    0    0    0    0    0    0    0    0    0    0    0    0  
  R2   0    0    0    0    0    0    0    0    0    0    0    0    0    0    6    0    0    0    0    0    0    0    0    0    0    0    0    0    0    0    0    0    0  
  R3   0    0    0    0    1    0    0    0    0    0    0    0    0    0    0    0    0    0    1    0    0    0    0    0    0    0    0    0    0    0    0    0    0  
  R4   0    0    0    0    0    0    0    0    0    0    0    0    0    0    0    6    0    0    0    0    0    0    0    0    0    0    0    0    0    0    0    0    0  
  R5   0    0    0    0    0    0    0    0    0    0    0    0    0    0    0    0    0    6    0    0    0    0    0    0    0    0    0    0    0    0    0    0    0  
  R6   0    0    0    0    0    0    0    1    0    0    0    0    0    0    0    0    0    0    0    1    0    0    0    0    0    0    0    0    0    0    0    0    0  
  R7   0    0    0    0    0    0    0    0    0    0    0    0    0    0    0    0    0    0    0    0    1    0    0    0    0    0    0    0    0    0    0    0    0  
  R8   0    0    0    0    0    0    0    0    0    0    0    0    0    0    0    0    0    0    0    0    0    1    0    0    0    0    0    0    0    0    0    0    1  
  R9   0    0    0    0    0    0    0    0    0    0    0    0    0    0    0    0    0    0    0    0    0    0    6    0    0    0    0    0    0    0    0    0    0  
 R10   0    0    0    0    0    0    0    0    1    0    0    0    0    0    0    0    0    0    0    0    0    0    0    6    0    0    0    0    0    0    0    0    0  
 R11   0    0    0    0    0    0    0    0    0    0    0    0    0    0    0    0    0    0    0    0    0    0    0    0    1    6    0    0    0    0    0    0    0
 R12   0    0    0    0    0    0    0    0    0    0    0    0    0    0    0    0    0    0    0    0    0    0    0    0    0    0    6    0    0    0    0    0    0  
  A1   0    0    0    0    0    0    2    0    0    0    0    0    0    0    0    0    0    0    0    0    0    0    0    0    0    0    0    0    0    0    0    0    0
  A2   0    0    0    1    0    0    0    0    0    0    5    0    0    0    0    0    0    0    0    0    0    0    0    0    0    0    0    0    0    0    0    0    0
  A3   0    0    0    0    0    0    0    0    0    0    0    0    0    0    0    0    0    0    0    0    0    0    0    0    0    0    0    0    3    0    0    0    0  
  A4   0    0    0    0    0    0    0    0    0    0    0    0    5    0    0    0    0    0    0    0    0    0    0    0    0    0    0    0    0    0    0    0    0
  A5   0    0    0    0    0    0    0    0    0    0    0    0    0    0    0    0    0    0    0    0    0    0    0    0    0    0    0    0    0    0    0    0    0
  A6   0    0    0    0    0    0    0    0    0    0    0    0    0    0    0    0    0    0    0    0    0    0    0    0    0    0    0    0    0    0    0    0    0
  A7   0    0    5    0    0    0    0    0    0    0    0    0    0    0    0    0    0    0    0    0    0    0    0    0    0    0    0    0    0    0    0    0    0  
  A8   0    0    0    0    0    0    0    0    0    5    0    0    0    0    0    0    0    0    0    0    0    0    0    0    0    0    0    0    0    0    0    0    0
  A9   0    0    0    0    0    0    0    2    0    0    0    0    0    0    0    0    0    0    0    0    0    0    0    0    0    0    0    0    0    0    0    0    0
 A10   0    0    0    0    0    0    0    0    0    0    0    0    0    0    0    0    0    0    0    0    0    0    0    0    0    0    0    0    0    3    0    0    0  
 A11   0    0    0    0    0    0    0    0    0    0    0    0    0    0    0    0    0    0    0    0    0    0    0    0    0    0    0    0    0    0    3    0    0
 A12   0    0    0    2    0    0    0    0    0    0    0    0    0    0    0    0    0    0    0    0    0    0    0    0    0    0    0    0    0    0    0    0    0
 A13   0    0    0    0    5    0    0    0    0    0    0    0    0    0    0    0    0    0    0    0    0    0    0    0    0    0    0    0    0    0    0    0    0
 A14   0    0    0    0    0    0    0    0    0    0    0    0    0    0    0    0    0    0    0    0    0    0    0    0    0    0    0    0    0    0    0    3    0  
 A15   0    0    0    0    0    5    0    0    0    0    0    0    0    0    0    0    0    0    0    0    0    0    0    0    0    0    0    0    0    0    0    0    0
  P1   0    0    0    0    0    0    0    0    0    0    0    0    0    0    0    0    4    0    0    0    0    0    0    0    0    0    0    0    0    0    0    0    0  
  P2   0    0    0    0    0    0    0    0    0    0    0    0    0    0    0    0    0    0    0    0    0    0    0    0    0    0    0    0    0    0    0    0    4
  P3   0    0    0    0    0    0    0    0    0    0    0    4    0    0    0    0    0    0    0    0    0    0    0    0    0    0    0    0    0    0    0    0    0
  P4   0    0    0    0    0    0    0    0    0    0    0    0    0    0    0    0    0    0    0    0    0    0    0    0    0    0    0    4    0    0    0    0    0  
  J1   0    0    0    0    0    0    0    0    0    0    1    0    0    0    0    0    0    0    0    0    0    0    0    0    0    0    0    0    0    0    0    0    0

Enter the number of slice criterions: 3
Enter the slice criterion (node): R11
R6 A11 P3 A7 R2 R10 A2 J1
Enter the slice criterion (node): R12
A7 R2 A2 R10 R6 A11 P3 R11 P1 A4 J1 A3 R4 A13 R3
Enter the slice criterion (node): A5
R6 A7 R2 J1 A4 P4 A2 R12 A14 R5 A15 R10 P1 R11 A3 R4 R3 A13 P3 A11